# Source: jdpulgarin/Tennis-MoCap/data/adorozco_Reves_8seg.bvh
# Commit: 9af88bb4df4e78b22127719744fdca993ced2733
# Blob: 12d932e3af32d66360f7ed6ce2cdc0bd50554e98
# CC-BY-SA-3.0. Regular-performance player; sparse excerpt, not full source.
# First field: original zero-based frame. Followed by all 57 source channels.
0 -109.895538 84.102585 -67.198524 .710949 -1.142995 28.855625 -7.684832 3.469173 4.271417 3.443435 -1.429793 5.950958 -4.451918 2.417373 6.002601 -15.311766 .059309 -.275000 -46.242271 37.441895 -19.373484 -13.454670 7.190312 -54.913685 116.332787 15.898986 57.595013 15.195835 .723555 5.626999 56.222580 45.370487 22.620953 4.250072 1.128659 29.938955 -107.854507 -2.799304 24.951811 12.666126 -11.417295 3.301455 -16.254171 43.337963 13.408224 7.325458 -7.274058 37.032681 1.726927 -9.520755 2.696008 4.802289 15.682663 -7.778508 -.976148 5.068222 -24.456095
30 -104.089394 82.678696 -77.291397 .602832 3.130068 44.253643 -2.593304 5.198376 4.109984 3.392563 -6.654407 -.766485 -5.480026 3.719173 -.793079 -17.171650 .796153 -5.228037 -46.468491 41.691204 -24.225471 -9.238116 3.878647 -44.918510 116.692162 26.797615 80.795433 11.206699 .602411 6.318270 52.661541 41.942284 30.885963 11.504262 2.704467 23.772881 -115.590034 -4.406377 27.920795 8.852860 -4.801952 5.146516 -8.560251 29.611328 -13.461085 -1.572112 -20.570042 40.045338 -15.480741 -33.015141 -1.446518 15.201517 51.884640 -31.622206 -13.467309 -1.297089 -3.382727
60 -107.952545 80.954979 -65.314377 -1.669116 7.436335 75.229248 -6.486629 -3.322914 26.926838 -15.272215 7.491666 -22.553289 22.164045 17.022211 -26.944927 -4.617966 .008988 -.808696 -44.828556 22.637012 -25.224358 -2.285377 2.160093 -74.846558 140.828140 26.565266 35.934177 6.595519 .639223 11.865785 23.615103 47.331879 72.340775 -1.885014 -.619072 31.394106 -133.881836 3.970505 -.859902 13.190999 -24.026056 1.065768 -31.236694 49.580254 7.862035 -15.573442 -25.760256 33.575947 -8.255848 -9.272110 -11.878707 10.533090 38.549164 -21.140621 -2.245420 -19.282587 -13.208299
90 -106.617149 65.310493 -55.644798 2.222925 5.590003 92.416153 1.936436 3.963307 41.423382 -15.272876 18.883797 -30.015839 30.677052 17.726152 -37.470860 -6.205928 .562968 -9.988257 -48.043423 -1.891081 -10.860348 22.060381 -25.495186 -97.868896 132.843643 28.052385 46.688221 2.549846 .482708 20.430330 1.659045 22.393167 100.394348 -12.873144 -3.223619 28.305565 -137.721069 -1.227696 7.396205 15.242878 -30.192532 -9.231398 -79.313301 65.111778 46.344086 -2.384762 -43.058048 41.445663 -64.440399 -37.003475 -35.113983 60.016464 73.236084 -82.451736 -6.855166 3.690899 -4.698304
120 -100.830841 62.760323 -31.930468 5.704720 5.908229 43.516987 -6.006317 25.224768 37.499084 -8.458117 -18.660685 -9.728965 .970732 35.824924 -8.238495 -16.675217 1.208277 -9.040462 -52.783516 36.223595 -25.333498 13.113237 -3.491217 -28.166357 47.246273 13.383429 165.730209 4.858284 .834851 15.987183 57.234428 35.405098 60.629688 -1.939305 -.093307 3.406299 -105.990005 22.572779 114.653214 3.074727 -16.345076 -16.936502 -96.675049 81.469238 75.751747 -23.500422 1.608252 43.460320 -31.403011 -67.423157 -18.565567 31.236509 77.897644 -49.216827 3.292630 -2.661749 2.128290
150 -90.509750 72.299454 -29.400217 -3.871697 4.141308 16.877769 9.560159 19.670647 -15.195151 -2.014334 -4.843392 14.051996 -11.221445 4.585533 14.588807 3.648789 -.238716 -8.121117 -18.677046 7.368134 -124.568329 -4.557997 3.198716 -61.568375 93.321274 6.315408 -35.820484 3.411513 .890142 20.342125 64.837868 5.736153 29.849417 -71.747002 -48.279221 59.256401 -154.871414 44.412109 -34.643349 6.779841 -8.340733 3.232385 -61.772766 59.364300 54.909134 14.626322 -14.135073 43.327026 3.437428 -55.967548 8.427716 9.884509 54.625904 -19.537039 -1.882971 2.139448 8.631181
180 -78.818100 77.103111 -43.665707 8.058628 -.330746 12.867830 -6.832189 16.086643 -11.153689 -.401944 2.955317 16.358921 -15.136113 -6.492435 15.484528 -13.209380 .444413 -3.414390 -22.902142 33.817574 -69.490227 -7.333648 5.201369 -71.788307 125.490852 12.656393 28.761894 15.664176 .739169 5.577429 57.202534 30.464325 4.244024 -9.958954 -7.181691 80.119522 -152.466324 5.146926 9.152833 1.146167 -2.597112 5.044255 -22.860666 43.443653 4.114149 15.304936 -22.173759 41.748390 -18.824408 -30.624886 4.092007 1.248341 13.010810 -5.387324 12.090812 9.844612 -15.107455
