# Source: jdpulgarin/Tennis-MoCap/data/lvargas_Derecha_4seg.bvh
# Commit: 9af88bb4df4e78b22127719744fdca993ced2733
# Blob: 1296f406b5b623d919624496420cbb92a5962fda
# CC-BY-SA-3.0. Original 100 Hz; selected frames, not full source recording.
# Frame index (zero-based), followed by all 57 BVH channels in original order.
0 72.131264 79.286865 -97.208977 1.713444 2.564420 -24.211412 2.699204 -3.365636 -0.224412 7.656549 4.595800 -0.062357 -7.628342 3.277290 0.426927 -19.543362 -0.819860 4.956444 -47.538132 42.167606 -12.864396 28.972687 -21.045174 -71.476151 114.384987 9.279431 75.775108 10.044723 -1.446119 -16.032362 2.699251 63.456196 72.966705 -21.622688 -12.925302 61.219345 -109.518112 -15.929131 -34.002857 -0.130808 4.067329 4.065037 3.396939 5.470950 3.741780 -9.312099 -10.150309 2.623203 -8.553442 -7.533082 -4.281560 -2.422944 4.193775 -5.675264 7.797784 1.302622 14.033466
105 74.004150 79.759041 -98.054344 4.707502 1.637078 -21.714218 -0.995276 1.041939 -0.251320 5.801392 2.781106 -3.562870 -3.560105 0.320576 -3.411988 -19.241087 -0.828253 4.991439 -52.323425 42.533260 -7.965266 25.458311 -19.603567 -74.801407 123.824303 17.190264 59.961197 9.937975 -1.323054 -15.445362 6.254329 64.855690 69.089622 -21.742765 -12.235592 58.303982 -102.440834 -17.201786 -37.430962 -2.650319 0.494095 1.058571 2.709150 8.948392 -1.212165 -9.579305 -10.065239 2.511996 -11.728702 -13.229065 -3.636002 -5.837890 14.734377 -6.329703 10.002364 -3.128195 12.943095
180 83.007492 76.507858 -107.485703 5.358724 -1.870825 -33.788925 -1.660910 11.691040 -3.116349 11.761530 4.029275 3.670367 -16.997013 -12.647797 2.208374 -23.570814 0.285400 -1.645341 -30.300463 44.681263 -38.736942 31.385418 -23.700100 -73.096329 120.111313 6.926597 40.909386 8.359980 -1.166297 -15.693510 19.524752 64.103065 55.194427 -21.676252 -14.012643 65.640488 -136.325333 -13.789463 -30.860893 -3.240262 -25.602549 -5.133473 -4.402418 48.958149 0.922613 -0.515743 -17.465637 8.843160 -8.646280 -22.599779 -6.847536 -18.236225 42.235535 11.059548 10.953767 -19.384874 11.551198
220 106.039490 75.012833 -96.733994 2.725323 -1.083307 -53.114994 4.276770 10.685729 -16.516281 15.288081 9.271085 10.313580 -23.194427 2.535052 12.050542 -24.004543 1.823046 -8.586411 5.465302 35.366997 -74.298897 39.152058 -23.357466 -60.691597 135.593430 -22.708548 -9.741744 9.296593 -1.244588 -14.516727 49.036945 28.208971 6.661610 -35.202198 -25.676332 71.254150 -146.685776 -3.894487 -39.899036 0.853098 3.277183 1.198967 -0.652816 29.814119 10.833148 -9.755209 -23.334558 7.953022 -21.928005 -23.626604 3.117100 -4.589956 17.793749 4.199320 11.806997 6.463638 4.358153
260 121.386002 76.036308 -87.974174 6.121946 -3.675191 -47.372787 11.570242 23.379215 -27.972223 12.850630 5.455967 12.497134 -28.570461 -14.655540 9.295355 -2.752389 -0.103006 3.603500 5.519609 39.723484 -25.629623 15.984964 -11.141702 -72.543228 123.507080 -39.799782 -48.986813 11.750588 -1.280808 -12.728897 41.911625 32.035942 19.109163 -32.140526 -11.080103 34.260895 -121.301926 65.773323 -56.249973 -13.231032 4.437054 -2.528547 -2.694755 17.952255 5.216645 0.160865 -20.797724 7.812507 5.886171 -35.251270 14.811408 -17.073462 38.016754 18.195387 6.394881 -7.269801 23.428495
240 118.373444 77.400269 -92.323235 1.853783 -0.683934 -54.691406 8.920799 17.533390 -20.602737 19.080257 10.709207 10.431637 -31.587942 -4.340149 11.050095 -19.356085 1.192295 -6.870686 9.879643 34.078491 -57.575001 33.174877 -21.372599 -65.262451 128.773407 -31.102190 -28.438564 8.668925 -1.132387 -14.680670 54.457985 19.486073 -4.012705 -38.631950 -20.318817 54.305267 -139.983734 19.031406 -44.300110 -6.163279 2.093929 -0.681037 1.155548 23.046289 -10.217903 -8.584091 -13.862879 22.925732 -3.816317 -35.164684 0.738328 -13.561044 37.985634 13.868443 7.106387 -4.864298 13.407538
270 119.335533 78.438774 -86.126289 4.931535 -1.681360 -29.380548 16.186426 15.145967 -12.732571 5.531144 1.336121 -4.154989 -19.445549 -7.749076 -5.479139 -10.330580 -0.449346 4.287051 3.849927 42.367973 -42.724197 15.599362 -11.749273 -73.603226 122.606056 -35.484482 -41.111755 12.416859 -0.275945 -0.504575 51.231556 24.570816 16.447014 -45.115551 -9.187839 20.938484 27.576101 81.691154 146.936951 -7.868508 2.975523 -1.153444 2.595135 21.895462 -15.891869 -.550149 -16.748659 12.505337 -1.649781 -27.546305 -.149480 -15.509631 31.974596 13.454646 6.064828 -7.590729 17.596029
300 120.093941 80.579674 -84.915802 2.959866 -1.441795 13.312464 4.087454 -.565096 4.681641 13.295841 10.407885 -24.248518 -11.555483 -15.805326 -24.638285 -15.388460 -1.113045 8.044300 -45.030956 50.546051 -19.412836 22.117336 -21.059027 -85.565033 135.692459 8.738623 32.192574 13.939923 -.941587 -7.397363 -27.386929 13.924839 86.125290 -21.279593 -10.011703 50.670307 -124.521431 -21.813093 23.685688 -1.432239 -8.466844 -1.476364 4.892525 22.096628 -19.902077 -5.556221 -7.018179 3.369586 -8.870077 -5.223899 -8.463008 -6.506384 16.434860 -9.346292 8.266746 -2.672959 4.108085
340 123.614212 79.820793 -93.065704 .829676 -.283144 -8.774468 3.299726 6.840884 3.008299 6.334931 11.762253 -12.990693 -1.507899 -21.557474 -12.594204 -13.700218 -.951974 6.969441 -57.231926 39.836391 6.762161 18.763145 -21.880238 -97.326767 130.915237 10.193729 58.306145 11.059029 -1.388371 -13.915198 -16.534178 51.412636 85.464165 -17.820219 -13.186092 72.015472 -100.990021 -17.446663 -43.192265 -1.210377 -10.782555 -2.901599 .613771 19.938784 4.132359 -4.527968 -9.474490 6.065320 -9.805122 -16.336069 -5.536925 -7.691377 19.388023 -4.471955 6.709293 -5.788773 13.595181
280 118.505608 81.830528 -86.258514 4.169798 1.229566 -4.106226 14.263970 2.415935 3.272361 3.771118 2.045877 -21.912073 -10.172931 -5.164392 -22.312941 -16.986446 -.420173 2.915633 1.263237 43.518959 -59.091885 9.480197 -7.398808 -80.569092 124.898323 -35.947594 -36.778591 15.351320 -.119285 -1.488122 30.352331 20.503021 48.442036 -61.463360 -13.830610 24.483280 32.464954 87.506912 132.915390 -1.597235 -9.774163 -2.248512 3.171551 24.216410 -8.557087 -7.356647 -10.865456 5.835316 -7.550685 -15.431464 -4.523387 -7.551435 17.885508 -2.629177 6.641377 .048533 9.567031
290 118.630074 80.914795 -85.195251 2.387821 -.368308 9.072307 11.285066 -.145949 3.240345 8.636773 5.901405 -23.352459 -11.457630 -10.268821 -23.935804 -15.077015 -.880232 7.307657 -29.840858 54.528519 -32.278900 14.088955 -14.132113 -85.906281 126.725166 -22.600220 -20.913761 15.024762 -1.245704 -9.987471 2.439817 18.621397 73.555290 -34.833599 -11.991618 39.976746 -128.976456 16.283718 -15.813420 .601038 -9.616428 .190235 4.734057 21.778198 -16.432909 -8.724668 -4.918083 .377370 -7.983336 -8.064155 -6.908844 -5.507639 16.474281 -6.705753 6.533429 -2.281226 4.208189
